133
120
126
117
112
122
125
87
146
124
86
145
121
121
123
128
130
129
114
127
126
121
121
84
111
164
163
128
111
126
100
91
122
123
125
120
135
128
96
123
124
118
90
105
101
131
89
126
88
124
128
124
107
119
112
118
120
121
122
104
103
120
116
125
127
162
127
211
129
124
126
283
264
271
246
128
129
125
125
211
193
126
128
123
125
123
123
114
109
95
110
92
81
301
127
121
128
128
125
115
95
126
113
127
108
117
119
101
136
128
106
155
108
131
123
114
133
132
132
135
127
106
119
129
130
132
124
152
122
133
126
126
111
95
103
136
111
125
130
116
122
127
130
128
138
151
129
